400|50|450|70|121
450|80|500|100|122
500|50|550|70|123
550|80|600|100|121
600|50|650|70|122
650|80|700|100|123
700|50|750|70|121
750|80|800|100|122
800|50|850|70|123
850|80|900|100|121
900|50|950|70|122
400|110|450|130|123
450|140|500|160|121
500|110|550|130|122
550|140|600|160|123
600|110|650|130|121
650|140|700|160|122
700|110|750|130|123
750|140|800|160|121
800|110|850|130|122
850|140|900|160|123
900|110|950|130|121
450|200|500|220|121
400|170|450|190|122
550|200|600|220|123
500|170|550|190|121
650|200|700|220|122
600|170|650|190|123
750|200|800|220|121
700|170|750|190|122
850|200|900|220|123
800|170|850|190|121
900|170|950|190|122